0	0	0
1	6	0
2	5	0
3	0	0
4	0	0
5	0	0
6	3	0
7	4	3
8	7	0
9	7	0
10	0	0
11	7	0
12	3	5
13	0	0
14	3	0
15	3	0
16	7	0
17	0	0
18	0	0
19	0	0
20	0	0
21	0	0
22	0	0
23	0	0
24	0	0
25	3	0
26	0	0
27	1	0
28	1	0
29	0	0
30	5	0
31	7	0
32	0	0
33	1	0
34	1	0
35	0	0
36	4	0
37	0	0
38	3	0
39	1	0
40	1	0
41	0	0
42	0	0
43	0	0
44	1	0
45	3	0
46	2	0
47	2	0
48	0	0
49	0	0
50	0	0
51	3	0
52	7	0
53	7	0
54	2	0
55	0	0
56	0	0
57	0	0
58	0	0
59	1	0
60	1	0
61	0	0
62	0	0
63	0	0
64	3	0
65	1	0
66	1	0
67	1	0
68	0	0
69	0	0
70	0	0
71	7	0
72	1	0
73	1	0
74	0	0
75	1	0
76	0	0
77	0	0
78	0	0
79	0	0
80	0	0
81	3	0
82	0	0
83	0	0
84	0	0
85	0	0
86	1	0
87	1	0
88	1	0
89	1	0
90	1	0
91	3	0
92	1	0
93	1	0
94	1	0
95	3	0
96	1	0
97	1	0
98	0	0
99	0	0
100	1	0
101	0	0
102	0	0
103	7	0
104	1	0
105	3	0
106	0	0
107	4	0
108	1	0
109	7	0
110	0	0
111	0	0
112	0	0
113	0	0
114	0	0
115	4	0
116	1	0
117	0	0
118	7	0
119	3	0
120	0	0
121	0	0
122	3	0
123	7	0
124	4	0
125	7	0
126	7	0
127	3	0
128	7	0
129	2	0
130	1	0
131	1	0
132	1	0
133	1	0
134	1	0
135	1	0
136	1	0
137	7	0
138	4	0
139	4	0
140	0	0
141	0	0
142	0	0
143	0	0
144	0	0
145	0	0
146	1	0
147	1	0
148	7	0
149	7	0
150	1	0
151	3	0
152	0	0
153	0	0
154	0	0
155	1	0
156	3	0
157	3	0
158	0	0
159	0	0
160	5	0
161	5	0
162	0	0
163	4	0
164	1	0
165	1	0
166	3	0
167	3	0
168	3	0
169	1	0
170	1	0
171	3	0
172	0	0
173	0	0
174	1	0
175	0	0
176	0	0
177	0	0
178	7	0
179	4	0
180	0	0
181	0	0
182	0	0
183	1	0
184	0	0
185	0	0
186	0	0
187	3	0
188	2	0
189	3	0
190	1	0
191	0	0
192	0	0
193	0	0
194	1	0
195	3	0
196	0	0
197	3	2
198	3	0
199	4	0
200	7	0
201	7	0
202	7	0
203	1	0
204	1	0
205	0	0
206	1	0
207	0	0
208	7	0
209	1	0
210	1	0
211	1	0
212	7	0
213	1	0
214	1	0
215	1	0
216	1	0
217	1	3
218	2	0
219	5	0
220	7	0
221	1	0
222	1	0
223	7	0
224	1	0
225	3	0
226	2	0
227	7	0
228	7	0
229	2	0
230	1	0
231	1	0
232	1	0
233	3	0
234	7	0
235	0	0
236	2	0
237	3	0
238	1	0
239	6	0
240	6	0
241	7	0
242	5	0
243	7	0
244	3	0
245	1	0
246	1	0
247	5	0
248	7	0
249	7	0
250	7	0
251	7	0
252	6	0
253	0	0
254	5	0
255	6	0
256	2	0
257	0	0
258	1	0
259	2	0
260	7	0
261	5	0
262	4	0
263	0	0
264	5	2
265	4	0
266	7	0
267	5	0
268	2	0
269	0	0
270	0	0
271	1	3
272	5	6
273	6	0
274	1	0
275	5	0
276	0	0
277	0	0
278	5	0
279	4	1
280	7	0
281	6	0
282	0	0
283	6	0
284	2	0
285	6	0
286	6	0
287	7	0
288	5	0
289	2	0
290	5	0
291	7	0
292	2	0
293	2	0
294	2	0
295	1	0
296	2	0
297	3	0
298	6	0
299	7	0
300	2	0
301	2	0
302	2	0
303	2	0
304	2	0
305	6	0
306	3	0
307	2	0
308	2	0
309	2	0
310	2	0
311	0	0
312	2	0
313	2	0
314	2	0
315	2	0
316	2	0
317	2	0
318	2	0
319	2	0
320	3	0
321	2	0
322	2	0
323	0	0
324	2	0
325	2	0
326	0	0
327	0	0
328	0	0
329	0	0
330	2	0
331	2	0
332	2	0
333	2	0
334	2	0
335	1	0
336	2	0
337	2	0
338	0	0
339	0	0
340	2	0
341	5	5
342	2	0
343	5	0
344	2	0
345	2	0
346	2	0
347	2	0
348	0	0
349	3	0
350	2	0
351	5	0
352	2	0
353	2	0
354	0	0
355	2	0
356	2	0
357	2	0
358	7	0
359	2	0
360	2	0
361	2	0
362	2	0
363	1	0
364	3	0
365	2	0
366	2	0
367	2	0
368	3	0
369	3	0
370	2	0
371	7	0
372	2	0
373	0	0
374	7	0
375	0	0
376	2	0
377	2	0
378	2	0
379	2	0
380	3	0
381	2	0
382	0	0
383	2	0
384	0	0
385	2	0
386	2	0
387	6	0
388	5	0
389	5	6
390	2	0
391	2	0
392	2	0
393	2	0
394	3	0
395	2	0
396	2	0
397	7	0
398	3	0
399	2	0
400	7	0
401	2	0
402	0	0
403	2	0
404	7	0
405	0	0
406	2	0
407	6	0
408	3	0
409	6	0
410	2	0
411	0	0
412	0	0
413	0	0
414	6	0
415	0	0
416	0	0
417	6	0
418	0	0
419	5	2
420	2	0
421	0	0
422	7	0
423	5	4
424	2	0
425	5	3
426	0	0
427	7	0
428	5	0
429	0	0
430	2	0
431	2	0
432	3	0
433	6	0
434	4	0
435	2	0
436	2	0
437	1	0
438	1	0
439	6	0
440	7	0
441	0	0
442	6	0
443	2	0
444	2	0
445	2	0
446	5	0
447	2	0
448	2	0
449	7	0
450	2	0
451	2	0
452	6	0
453	0	0
454	2	0
455	7	0
456	6	0
457	0	0
458	1	0
459	2	0
460	0	0
461	7	0
462	7	0
463	0	0
464	2	0
465	0	0
466	0	0
467	0	0
468	7	0
469	2	0
470	5	0
471	4	5
472	0	0
473	6	0
474	6	0
475	2	0
476	6	0
477	0	0
478	0	0
479	6	0
480	7	0
481	7	0
482	7	0
483	6	0
484	7	0
485	7	0
486	0	0
487	0	0
488	2	0
489	6	0
490	2	0
491	2	0
492	2	0
493	2	0
494	2	0
495	6	0
496	2	0
497	2	0
498	2	0
499	2	0
500	2	0
501	2	0
502	2	0
503	2	0
504	2	0
505	2	0
506	2	0
507	2	0
508	2	0
509	2	0
510	3	0
511	7	0
512	2	0
513	3	0
514	2	0
515	2	0
516	2	0
517	2	0
518	2	0
519	2	0
520	2	0
521	2	0
522	2	0
523	2	0
524	2	0
525	2	0
526	2	0
527	2	0
528	0	0
529	2	0
530	2	0
531	2	0
532	2	0
533	2	0
534	2	0
535	2	0
536	2	0
537	2	0
538	2	0
539	2	0
540	2	0
541	2	0
542	2	0
543	0	0
544	2	0
545	6	0
546	7	0
547	0	0
548	2	0
549	7	0
550	2	0
551	6	0
552	0	0
553	7	0
554	2	0
555	0	0
556	0	0
557	0	0
558	0	0
559	2	0
560	7	0
561	6	0
562	0	0
563	2	0
564	7	0
565	0	0
566	2	0
567	3	0
568	7	0
569	2	0
570	3	0
571	3	2
572	7	0
573	0	0
574	5	0
575	7	0
576	2	0
577	6	0
578	2	0
579	6	0
580	2	0
581	2	0
582	2	0
583	0	0
584	2	0
585	2	0
586	3	0
587	2	0
588	7	0
589	0	0
590	0	0
591	2	0
592	5	0
593	2	0
594	1	0
595	0	0
596	2	0
597	3	0
598	0	0
599	3	0
600	2	0
601	5	0
602	1	0
603	7	0
604	0	0
605	7	0
606	7	0
607	6	0
608	7	0
609	2	0
610	7	0
611	3	0
612	3	0
613	3	0
614	7	0
615	3	0
616	0	0
617	0	0
618	3	0
619	3	0
620	3	0
621	3	0
622	0	0
623	3	0
624	2	0
625	7	0
626	3	0
627	3	0
628	3	0
629	0	0
630	2	0
631	3	0
632	5	4
633	3	0
634	3	0
635	3	0
636	3	0
637	3	0
638	2	0
639	3	0
640	2	0
641	6	0
642	3	0
643	3	0
644	3	0
645	0	0
646	2	0
647	2	0
648	3	0
649	7	0
650	6	0
651	3	0
652	3	0
653	3	0
654	3	0
655	3	0
656	3	0
657	3	0
658	3	0
659	3	0
660	3	0
661	3	0
662	3	0
663	3	0
664	3	0
665	7	0
666	3	0
667	3	0
668	3	0
669	3	0
670	3	0
671	3	0
672	7	0
673	3	0
674	6	0
675	2	0
676	3	0
677	3	0
678	0	0
679	3	0
680	3	0
681	2	0
682	5	5
683	2	0
684	3	0
685	3	0
686	3	0
687	3	0
688	3	0
689	2	0
690	7	0
691	6	0
692	3	0
693	6	0
694	3	0
695	6	0
696	3	0
697	5	2
698	3	0
699	3	0
700	0	0
701	3	0
702	3	0
703	3	0
704	3	0
705	6	0
706	3	0
707	0	0
708	2	0
709	3	0
710	3	0
711	3	0
712	3	0
713	3	0
714	3	0
715	3	0
716	3	0
717	3	0
718	3	0
719	3	0
720	3	0
721	3	0
722	3	0
723	6	0
724	0	0
725	3	0
726	3	0
727	3	0
728	0	0
729	0	0
730	7	0
731	3	0
732	6	0
733	3	0
734	3	0
735	0	0
736	3	0
737	3	0
738	3	0
739	3	0
740	0	0
741	0	0
742	6	0
743	7	0
744	0	0
745	3	0
746	3	0
747	3	0
748	3	0
749	3	0
750	3	0
751	7	0
752	3	0
753	3	0
754	2	0
755	7	0
756	6	0
757	0	0
758	7	0
759	7	0
760	2	0
761	6	0
762	6	0
763	3	0
764	2	0
765	0	0
766	6	0
767	2	0
768	7	0
769	7	0
770	0	0
771	2	0
772	5	0
773	0	0
774	2	0
775	0	0
776	7	0
777	7	0
778	3	0
779	2	0
780	2	0
781	2	0
782	2	0
783	2	0
784	2	0
785	2	0
786	2	0
787	2	0
788	2	0
789	2	0
790	3	0
791	2	0
792	2	0
793	2	0
794	2	0
795	2	0
796	2	0
797	2	0
798	2	0
799	2	0
800	3	0
801	2	0
802	2	0
803	2	0
804	2	0
805	2	0
806	2	0
807	7	0
808	2	0
809	2	0
810	2	0
811	2	0
812	2	0
813	2	0
814	2	0
815	7	0
816	2	0
817	2	0
818	2	0
819	2	0
820	3	0
821	2	0
822	2	0
823	3	0
824	2	0
825	6	0
826	2	0
827	2	0
828	2	0
829	2	0
830	2	0
831	3	0
832	2	0
833	2	0
834	2	0
835	2	0
836	3	0
837	2	0
838	2	0
839	2	0
840	2	0
841	2	0
842	3	0
843	2	0
844	2	0
845	7	0
846	2	0
847	2	0
848	2	0
849	2	0
850	2	0
851	3	0
852	3	0
853	7	0
854	2	0
855	3	0
856	2	0
857	2	0
858	2	0
859	3	0
860	2	0
861	2	0
862	2	0
863	2	0
864	3	0
865	2	0
866	2	0
867	2	0
868	7	0
869	2	0
870	2	0
871	2	0
872	2	0
873	2	0
874	2	0
875	7	0
876	2	0
877	2	0
878	2	0
879	2	0
880	2	0
881	7	0
882	3	0
883	2	0
884	2	0
885	2	0
886	2	0
887	2	0
888	2	0
889	2	0
890	6	0
891	3	0
892	2	0
893	2	0
894	2	0
895	2	0
896	2	0
897	2	0
898	2	0
899	2	0
900	2	0
901	2	0
902	2	0
903	2	0
904	2	0
905	2	0
906	2	0
907	2	0
908	2	0
909	0	0
910	2	0
911	2	0
912	2	0
913	2	0
914	2	0
915	2	0
916	2	0
917	2	0
918	2	0
919	2	0
920	2	0
921	2	0
922	2	0
923	3	0
924	2	0
925	2	0
926	2	0
927	7	0
928	3	0
929	3	0
930	2	0
931	3	0
932	2	0
933	2	0
934	2	0
935	2	0
936	2	0
937	2	0
938	2	0
939	2	0
940	2	0
941	2	0
942	3	0
943	2	0
944	2	0
945	2	0
946	2	0
947	2	0
948	2	0
949	2	0
950	2	0
951	2	0
952	2	0
953	2	0
954	2	0
955	2	0
956	0	0
957	1	0
958	2	0
959	3	0
960	2	0
961	3	0
962	2	0
963	2	0
964	1	0
965	2	0
966	2	0
967	3	0
968	2	0
969	2	0
970	2	0
971	2	0
972	2	0
973	2	0
974	2	0
975	2	0
976	2	0
977	2	0
978	2	0
979	2	0
980	2	0
981	2	0
982	2	0
983	2	0
984	3	0
985	2	0
986	0	0
987	2	0
988	2	0
989	2	0
990	2	0
991	2	0
992	3	0
993	3	0
994	2	0
995	2	0
996	6	0
997	2	0
998	2	0
999	2	0
1000	2	0
1001	2	0
1002	2	0
1003	2	0
1004	6	0
1005	5	0
1006	2	0
1007	2	0
1008	2	0
1009	2	0
1010	6	0
1011	2	0
1012	2	0
1013	2	0
1014	2	0
1015	2	0
1016	2	0
1017	2	0
1018	2	0
1019	2	0
1020	7	0
1021	2	0
1022	2	0
1023	2	0
1024	2	0
1025	2	0
1026	7	0
1027	2	0
1028	2	0
1029	2	0
1030	2	0
1031	2	0
1032	2	0
1033	2	0
1034	3	0
1035	2	0
1036	2	0
1037	2	0
1038	2	0
1039	7	0
1040	2	0
1041	2	0
1042	2	0
1043	2	0
1044	6	0
1045	0	0
1046	2	0
1047	2	0
1048	2	0
1049	2	0
1050	2	0
1051	2	0
1052	2	0
1053	2	0
1054	2	0
1055	2	0
1056	2	0
1057	2	0
1058	2	0
1059	2	0
1060	2	0
1061	2	0
1062	2	0
1063	2	0
1064	2	0
1065	2	0
1066	2	0
1067	2	0
1068	2	0
1069	2	0
1070	2	0
1071	2	0
1072	2	0
1073	2	0
1074	2	0
1075	1	0
1076	2	0
1077	2	0
1078	2	0
1079	2	0
1080	2	0
1081	2	0
1082	3	0
1083	6	0
1084	2	0
1085	1	0
1086	2	0
1087	2	0
1088	7	0
1089	7	0
1090	2	0
1091	2	0
1092	2	0
1093	2	0
1094	2	0
1095	2	0
1096	6	0
1097	6	0
1098	2	0
1099	2	0
1100	2	0
1101	2	0
1102	2	0
1103	2	0
1104	2	0
1105	6	0
1106	2	0
1107	2	0
1108	2	0
1109	2	0
1110	6	0
1111	2	0
1112	2	0
1113	2	0
1114	2	0
1115	7	0
1116	3	0
1117	2	0
1118	2	0
1119	2	0
1120	2	0
1121	2	0
1122	2	0
1123	2	0
1124	0	0
1125	7	0
1126	2	0
1127	7	0
1128	1	0
1129	2	0
1130	2	0
1131	2	0
1132	2	0
1133	7	0
1134	2	0
1135	2	0
1136	2	0
1137	2	0
1138	2	0
1139	2	0
1140	6	0
1141	2	0
1142	2	0
1143	2	0
1144	2	0
1145	2	0
1146	2	0
1147	2	0
1148	2	0
1149	2	0
1150	2	0
1151	2	0
1152	2	0
1153	2	0
1154	2	0
1155	2	0
1156	0	0
1157	3	0
1158	2	0
1159	2	0
1160	7	0
1161	2	0
1162	2	0
1163	2	0
1164	2	0
1165	2	0
1166	2	0
1167	2	0
1168	2	0
1169	2	0
1170	3	0
1171	2	0
1172	0	0
1173	3	0
1174	2	0
1175	2	0
1176	2	0
1177	2	0
1178	2	0
1179	2	0
1180	2	0
1181	2	0
1182	2	0
1183	2	0
1184	2	0
1185	2	0
1186	2	0
1187	2	0
1188	3	0
1189	2	0
1190	2	0
1191	2	0
1192	2	0
1193	2	0
1194	3	0
1195	2	0
1196	2	0
1197	2	0
1198	2	0
1199	2	0
1200	2	0
1201	7	0
1202	2	0
1203	2	0
1204	2	0
1205	2	0
1206	2	0
1207	2	0
1208	2	0
1209	2	0
1210	2	0
1211	2	0
1212	3	0
1213	2	0
1214	2	0
1215	2	0
1216	2	0
1217	2	0
1218	2	0
1219	2	0
1220	2	0
1221	2	0
1222	2	0
1223	2	0
1224	2	0
1225	2	0
1226	1	0
1227	2	0
1228	2	0
1229	6	0
1230	2	0
1231	3	0
1232	2	0
1233	2	0
1234	2	0
1235	2	0
1236	2	0
1237	2	0
1238	2	0
1239	7	0
1240	2	0
1241	2	0
1242	2	0
1243	2	0
1244	2	0
1245	2	0
1246	2	0
1247	2	0
1248	3	0
1249	2	0
1250	3	0
1251	3	0
1252	0	0
1253	1	0
1254	2	0
1255	2	0
1256	3	0
1257	3	0
1258	2	0
1259	2	0
1260	2	0
1261	3	0
1262	2	0
1263	2	0
1264	3	0
1265	2	0
1266	2	0
1267	2	0
1268	2	0
1269	2	0
1270	2	0
1271	2	0
1272	2	0
1273	2	0
1274	2	0
1275	2	0
1276	2	0
1277	2	0
1278	2	0
1279	2	0
1280	2	0
1281	2	0
1282	2	0
1283	2	0
1284	3	0
1285	2	0
1286	2	0
1287	2	0
1288	3	0
1289	2	0
1290	6	0
1291	3	0
1292	2	0
1293	2	0
1294	2	0
1295	2	0
1296	2	0
1297	2	0
1298	2	0
1299	2	0
1300	2	0
1301	2	0
1302	2	0
1303	2	0
1304	2	0
1305	2	0
1306	2	0
1307	2	0
1308	2	0
1309	2	0
1310	2	0
1311	2	0
1312	2	0
1313	0	0
1314	2	0
1315	2	0
1316	2	0
1317	0	0
1318	2	0
1319	2	0
1320	2	0
1321	2	0
1322	2	0
1323	2	0
1324	0	0
1325	2	0
1326	2	0
1327	2	0
1328	2	0
1329	2	0
1330	2	0
1331	2	0
1332	2	0
1333	2	0
1334	3	0
1335	2	0
1336	2	0
1337	2	0
1338	2	0
1339	2	0
1340	2	0
1341	2	0
1342	2	0
1343	2	0
1344	2	0
1345	2	0
1346	2	0
1347	2	0
1348	2	0
1349	2	0
1350	3	0
1351	3	0
1352	2	0
1353	2	0
1354	2	0
1355	7	0
1356	2	0
1357	2	0
1358	2	0
1359	2	0
1360	2	0
1361	2	0
1362	2	0
1363	2	0
1364	2	0
1365	3	0
1366	2	0
1367	2	0
1368	2	0
1369	2	0
1370	2	0
1371	2	0
1372	3	0
1373	1	0
1374	2	0
1375	2	0
1376	2	0
1377	2	0
1378	7	0
1379	2	0
1380	2	0
1381	2	0
1382	2	0
1383	2	0
1384	2	0
1385	2	0
1386	1	0
1387	2	0
1388	2	0
1389	2	0
1390	2	0
1391	2	0
1392	2	0
1393	2	0
1394	2	0
1395	2	0
1396	2	0
1397	2	0
1398	2	0
1399	1	0
1400	2	0
1401	2	0
1402	2	0
1403	2	0
1404	2	0
1405	2	0
1406	2	0
1407	2	0
1408	2	0
1409	2	0
1410	2	0
1411	7	0
1412	3	0
1413	3	0
1414	2	0
1415	2	0
1416	2	0
1417	2	0
1418	2	0
1419	2	0
1420	2	0
1421	2	0
1422	2	0
1423	2	0
1424	3	0
1425	3	0
1426	2	0
1427	2	0
1428	2	0
1429	2	0
1430	2	0
1431	2	0
1432	2	0
1433	2	0
1434	2	0
1435	3	0
1436	2	0
1437	2	0
1438	2	0
1439	2	0
1440	2	0
1441	2	0
1442	2	0
1443	3	0
1444	2	0
1445	6	0
1446	2	0
1447	2	0
1448	2	0
1449	2	0
1450	2	0
1451	2	0
1452	2	0
1453	2	0
1454	2	0
1455	3	0
1456	2	0
1457	2	0
1458	2	0
1459	2	0
1460	2	0
1461	6	0
1462	2	0
1463	2	0
1464	2	0
1465	3	0
1466	2	0
1467	2	0
1468	2	0
1469	2	0
1470	2	0
1471	2	0
1472	2	0
1473	3	0
1474	2	0
1475	2	0
1476	2	0
1477	2	0
1478	2	0
1479	2	0
1480	0	0
1481	2	0
1482	2	0
1483	2	0
1484	2	0
1485	2	0
1486	2	0
1487	2	0
1488	2	0
1489	2	0
1490	2	0
1491	7	0
1492	2	0
1493	2	0
1494	2	0
1495	1	0
1496	2	0
1497	6	0
1498	1	0
1499	2	0
1500	1	0
1501	2	0
1502	2	0
1503	2	0
1504	2	0
1505	2	0
1506	7	0
1507	2	0
1508	2	0
1509	2	0
1510	2	0
1511	7	0
1512	2	0
1513	2	0
1514	6	0
1515	2	0
1516	2	0
1517	2	0
1518	3	0
1519	2	0
1520	2	0
1521	2	0
1522	2	0
1523	3	0
1524	2	0
1525	2	0
1526	2	0
1527	2	0
1528	2	0
1529	2	0
1530	2	0
1531	2	0
1532	2	0
1533	2	0
1534	2	0
1535	2	0
1536	2	0
1537	2	0
1538	2	0
1539	2	0
1540	3	0
1541	2	0
1542	2	0
1543	3	0
1544	2	0
1545	2	0
1546	6	0
1547	3	0
1548	2	0
1549	2	0
1550	2	0
1551	2	0
1552	1	0
1553	2	0
1554	2	0
1555	2	0
1556	2	0
1557	2	0
1558	2	0
1559	2	0
1560	2	0
1561	2	0
1562	2	0
1563	2	0
1564	2	0
1565	3	0
1566	2	0
1567	1	0
1568	2	0
1569	5	4
1570	2	0
1571	3	0
1572	1	0
1573	2	0
1574	2	0
1575	3	0
1576	2	0
1577	2	0
1578	3	0
1579	2	0
1580	2	0
1581	2	0
1582	2	0
1583	3	0
1584	2	0
1585	2	0
1586	2	0
1587	2	0
1588	2	0
1589	2	0
1590	2	0
1591	2	0
1592	2	0
1593	2	0
1594	2	0
1595	2	0
1596	1	0
1597	2	0
1598	2	0
1599	2	0
1600	2	0
1601	2	0
1602	2	0
1603	2	0
1604	2	0
1605	2	0
1606	2	0
1607	2	0
1608	2	0
1609	2	0
1610	2	0
1611	2	0
1612	0	0
1613	2	0
1614	2	0
1615	2	0
1616	2	0
1617	2	0
1618	2	0
1619	2	0
1620	2	0
1621	3	0
1622	2	0
1623	2	0
1624	2	0
1625	2	0
1626	2	0
1627	2	0
1628	2	0
1629	2	0
1630	2	0
1631	2	0
1632	6	0
1633	3	0
1634	2	0
1635	2	0
1636	2	0
1637	2	0
1638	2	0
1639	2	0
1640	2	0
1641	2	0
1642	2	0
1643	7	0
1644	2	0
1645	2	0
1646	7	0
1647	2	0
1648	2	0
1649	2	0
1650	2	0
1651	1	0
1652	2	0
1653	2	0
1654	2	0
1655	2	0
1656	2	0
1657	2	0
1658	2	0
1659	2	0
1660	2	0
1661	2	0
1662	3	0
1663	7	0
1664	2	0
1665	2	0
1666	2	0
1667	2	0
1668	2	0
1669	2	0
1670	2	0
1671	2	0
1672	2	0
1673	0	0
1674	2	0
1675	2	0
1676	2	0
1677	2	0
1678	2	0
1679	1	0
1680	2	0
1681	2	0
1682	2	0
1683	2	0
1684	3	0
1685	2	0
1686	3	0
1687	2	0
1688	2	0
1689	7	0
1690	2	0
1691	2	0
1692	2	0
1693	2	0
1694	6	0
1695	2	0
1696	2	0
1697	2	0
1698	2	0
1699	3	0
1700	3	0
1701	2	0
1702	2	0
1703	2	0
1704	2	0
1705	2	0
1706	2	0
1707	2	0
1708	2	0
1709	2	0
1710	2	0
1711	2	0
1712	2	0
1713	2	0
1714	2	0
1715	3	0
1716	2	0
1717	2	0
1718	2	0
1719	2	0
1720	2	0
1721	2	0
1722	2	0
1723	2	0
1724	2	0
1725	2	0
1726	2	0
1727	2	0
1728	2	0
1729	2	0
1730	2	0
1731	2	0
1732	2	0
1733	2	0
1734	2	0
1735	2	0
1736	2	0
1737	7	0
1738	2	0
1739	1	0
1740	2	0
1741	2	0
1742	3	0
1743	2	0
1744	0	0
1745	2	0
1746	3	0
1747	2	0
1748	2	0
1749	2	0
1750	2	0
1751	2	0
1752	2	0
1753	2	0
1754	2	0
1755	2	0
1756	2	0
1757	2	0
1758	2	0
1759	6	0
1760	2	0
1761	2	0
1762	2	0
1763	2	0
1764	2	0
1765	7	0
1766	2	0
1767	2	0
1768	2	0
1769	2	0
1770	2	0
1771	2	0
1772	2	0
1773	2	0
1774	2	0
1775	2	0
1776	2	0
1777	2	0
1778	2	0
1779	6	0
1780	2	0
1781	2	0
1782	2	0
1783	2	0
1784	2	0
1785	2	0
1786	2	0
1787	2	0
1788	2	0
1789	2	0
1790	2	0
1791	2	0
1792	2	0
1793	2	0
1794	2	0
1795	2	0
1796	2	0
1797	2	0
1798	2	0
1799	2	0
1800	2	0
1801	2	0
1802	2	0
1803	2	0
1804	2	0
1805	2	0
1806	2	0
1807	2	0
1808	2	0
1809	6	0
1810	2	0
1811	2	0
1812	7	0
1813	2	0
1814	3	0
1815	2	0
1816	2	0
1817	5	0
1818	1	0
1819	7	0
1820	2	0
1821	2	0
1822	2	0
1823	2	0
1824	2	0
1825	2	0
1826	2	0
1827	2	0
1828	3	0
1829	2	0
1830	2	0
1831	2	0
1832	3	0
1833	2	0
1834	2	0
1835	2	0
1836	3	0
1837	2	0
1838	2	0
1839	2	0
1840	2	0
1841	2	0
1842	1	0
1843	2	0
1844	2	0
1845	2	0
1846	2	0
1847	2	0
1848	2	0
1849	2	0
1850	2	0
1851	2	0
1852	2	0
1853	2	0
1854	2	0
1855	2	0
1856	2	0
1857	3	0
1858	3	0
1859	2	0
1860	2	0
1861	2	0
1862	2	0
1863	2	0
1864	2	0
1865	2	0
1866	2	0
1867	2	0
1868	2	0
1869	2	0
1870	2	0
1871	2	0
1872	2	0
1873	2	0
1874	2	0
1875	2	0
1876	2	0
1877	2	0
1878	2	0
1879	2	0
1880	2	0
1881	3	0
1882	2	0
1883	2	0
1884	2	0
1885	2	0
1886	3	0
1887	0	0
1888	2	0
1889	2	0
1890	2	0
1891	2	0
1892	2	0
1893	6	0
1894	3	0
1895	2	0
1896	2	0
1897	3	0
1898	2	0
1899	5	0
1900	2	0
1901	5	0
1902	2	0
1903	0	0
1904	6	0
1905	2	0
1906	0	0
1907	2	0
1908	2	0
1909	2	0
1910	3	0
1911	2	0
1912	2	0
1913	2	0
1914	2	0
1915	2	0
1916	0	0
1917	2	0
1918	2	0
1919	3	0
1920	2	0
1921	2	0
1922	2	0
1923	2	0
1924	2	0
1925	2	0
1926	7	0
1927	2	0
1928	2	0
1929	2	0
1930	2	0
1931	2	0
1932	7	0
1933	2	0
1934	2	0
1935	2	0
1936	7	0
1937	3	0
1938	2	0
1939	2	0
1940	0	0
1941	2	0
1942	0	0
1943	2	0
1944	2	0
1945	3	0
1946	2	0
1947	2	0
1948	2	0
1949	2	0
1950	2	0
1951	2	0
1952	2	0
1953	2	0
1954	2	0
1955	5	4
1956	2	0
1957	2	0
1958	2	0
1959	0	0
1960	2	0
1961	2	0
1962	2	0
1963	2	0
1964	2	0
1965	2	0
1966	6	0
1967	2	0
1968	2	0
1969	0	0
1970	2	0
1971	2	0
1972	2	0
1973	2	0
1974	6	0
1975	2	0
1976	2	0
1977	0	0
1978	0	0
1979	2	0
1980	7	0
1981	0	0
1982	7	0
1983	5	0
1984	0	0
1985	2	0
1986	2	0
1987	3	0
1988	2	0
1989	2	0
1990	0	0
1991	2	0
1992	2	0
1993	2	0
1994	0	0
1995	5	0
1996	2	0
1997	0	0
1998	2	0
1999	2	0
2000	2	0
2001	2	0
2002	1	0
2003	2	0
2004	2	0
2005	0	0
2006	2	0
2007	2	0
2008	7	0
2009	2	0
2010	2	0
2011	0	0
2012	2	0
2013	2	0
2014	2	0
2015	0	0
2016	2	0
2017	0	0
2018	7	0
2019	2	0
2020	2	0
2021	2	0
2022	2	0
2023	2	0
2024	2	0
2025	2	0
2026	2	0
2027	3	0
2028	2	0
2029	2	0
2030	0	0
2031	2	0
2032	2	0
2033	2	0
2034	2	0
2035	2	0
2036	2	0
2037	7	0
2038	0	0
2039	2	0
2040	0	0
2041	2	0
2042	2	0
2043	2	0
2044	2	0
2045	2	0
2046	2	0
2047	2	0
2048	0	0
2049	0	0
2050	2	0
2051	2	0
2052	2	0
2053	2	0
2054	7	0
2055	0	0
2056	2	0
2057	2	0
2058	2	0
2059	2	0
2060	7	0
2061	2	0
2062	2	0
2063	2	0
2064	2	0
2065	2	0
2066	2	0
2067	2	0
2068	2	0
2069	2	0
2070	2	0
2071	2	0
2072	3	0
2073	2	0
2074	2	0
2075	2	0
2076	2	0
2077	2	0
2078	2	0
2079	2	0
2080	2	0
2081	2	0
2082	2	0
2083	2	0
2084	7	0
2085	2	0
2086	2	0
2087	2	0
2088	2	0
2089	2	0
2090	2	0
2091	2	0
2092	2	0
2093	2	0
2094	2	0
2095	2	0
2096	2	0
2097	2	0
2098	2	0
2099	3	0
2100	7	0
2101	0	0
2102	2	0
2103	2	0
2104	3	0
2105	2	0
2106	2	0
2107	2	0
2108	2	0
2109	2	0
2110	2	4
2111	2	0
2112	2	0
2113	0	0
2114	2	0
2115	6	0
2116	2	0
2117	2	0
2118	7	0
2119	7	0
2120	7	0
2121	2	0
2122	2	0
2123	2	0
2124	2	0
2125	1	0
2126	2	0
2127	2	0
2128	6	0
2129	2	0
2130	2	0
2131	2	0
2132	2	0
2133	2	0
2134	2	0
2135	2	0
2136	7	0
2137	2	0
2138	2	0
2139	2	0
2140	2	0
2141	3	0
2142	3	0
2143	2	0
2144	2	0
2145	2	0
2146	2	0
2147	2	0
2148	2	0
2149	2	0
2150	2	0
2151	2	0
2152	2	0
2153	2	0
2154	2	0
2155	2	0
2156	2	0
2157	2	0
2158	2	0
2159	7	0
2160	2	0
2161	2	0
2162	2	0
2163	2	0
2164	2	0
2165	2	0
2166	2	0
2167	2	0
2168	2	0
2169	2	0
2170	2	0
2171	3	0
2172	5	0
2173	6	0
2174	0	0
2175	2	0
2176	2	0
2177	2	0
2178	2	0
2179	2	0
2180	5	0
2181	7	0
2182	2	0
2183	2	0
2184	2	0
2185	2	0
2186	2	0
2187	2	0
2188	2	0
2189	2	0
2190	2	0
2191	7	0
2192	2	0
2193	2	0
2194	2	0
2195	2	0
2196	2	0
2197	2	0
2198	3	0
2199	2	0
2200	2	0
2201	2	0
2202	2	0
2203	2	0
2204	2	0
2205	2	0
2206	2	0
2207	2	0
2208	0	0
2209	2	0
2210	2	0
2211	2	0
2212	2	0
2213	2	0
2214	2	0
2215	2	0
2216	2	0
2217	2	0
2218	2	0
2219	2	0
2220	2	0
2221	3	0
2222	3	0
2223	2	0
2224	2	0
2225	2	0
2226	7	0
2227	2	0
2228	2	0
2229	2	0
2230	2	0
2231	0	0
2232	2	0
2233	2	0
2234	3	0
2235	2	0
2236	2	0
2237	6	0
2238	2	0
2239	2	0
2240	3	0
2241	2	0
2242	3	0
2243	2	0
2244	2	0
2245	3	0
2246	3	0
2247	2	0
2248	2	0
2249	7	0
2250	6	0
2251	1	0
2252	0	0
2253	2	0
2254	3	0
2255	2	0
2256	2	0
2257	0	0
2258	7	0
2259	2	0
2260	2	0
2261	3	0
2262	3	0
2263	2	0
2264	7	0
2265	0	0
2266	3	0
2267	2	0
2268	3	3
2269	3	0
2270	3	0
2271	0	0
2272	2	0
2273	2	0
2274	0	0
2275	2	0
2276	2	0
2277	0	0
2278	0	0
2279	2	0
2280	2	0
2281	2	0
2282	0	0
2283	3	0
2284	2	0
2285	0	0
2286	2	0
2287	0	0
2288	5	0
2289	2	0
2290	2	0
2291	0	0
2292	3	0
2293	2	0
2294	2	0
2295	2	0
2296	3	0
2297	3	0
2298	2	0
2299	3	0
2300	2	0
2301	2	0
2302	2	0
2303	2	0
2304	2	0
2305	2	0
2306	3	0
2307	2	0
2308	2	0
2309	2	0
2310	2	0
2311	2	0
2312	2	0
2313	0	0
2314	1	0
2315	0	0
2316	2	0
2317	2	0
2318	0	0
2319	6	0
2320	0	0
2321	2	0
2322	2	0
2323	2	0
2324	2	0
2325	6	0
2326	2	0
2327	2	0
2328	6	0
2329	0	0
2330	2	0
2331	6	0
2332	2	0
2333	2	0
2334	2	0
2335	2	0
2336	3	0
2337	6	0
2338	7	0
2339	2	0
2340	2	0
2341	2	0
2342	7	0
2343	0	0
2344	0	0
2345	2	0
2346	0	0
2347	2	0
2348	6	0
2349	2	0
2350	2	0
2351	0	0
2352	2	0
2353	0	0
2354	2	0
2355	0	0
2356	2	0
2357	2	0
2358	2	0
2359	2	0
2360	2	0
2361	2	0
2362	2	0
2363	2	0
2364	2	0
2365	0	0
2366	1	0
2367	0	0
2368	6	0
2369	2	0
2370	6	0
2371	6	0
2372	2	0
2373	2	0
2374	2	0
2375	6	0
2376	0	0
2377	2	0
2378	2	0
2379	6	0
2380	2	0
2381	0	0
2382	6	0
2383	6	0
2384	0	0
2385	6	0
2386	2	0
2387	2	0
2388	2	0
2389	2	0
2390	3	0
2391	1	0
2392	3	0
2393	0	0
2394	2	0
2395	2	0
2396	2	0
2397	2	0
2398	2	0
2399	2	0
2400	0	0
2401	2	0
2402	0	0
2403	0	0
2404	2	0
2405	0	0
2406	2	0
2407	2	0
2408	2	0
2409	0	0
2410	0	0
2411	3	0
2412	2	0
2413	2	0
2414	2	0
2415	2	0
2416	0	0
2417	0	0
2418	2	0
2419	2	0
2420	2	0
2421	2	0
2422	3	0
2423	2	0
2424	2	0
2425	0	0
2426	2	0
2427	0	0
2428	2	0
2429	0	0
2430	2	0
2431	2	0
2432	2	0
2433	7	0
2434	2	0
2435	2	0
2436	0	0
2437	0	0
2438	2	0
2439	2	0
2440	2	0
2441	2	0
2442	0	0
2443	2	0
2444	0	0
2445	2	0
2446	2	0
2447	0	0
2448	2	0
2449	2	0
2450	2	0
2451	0	0
2452	4	0
2453	2	0
2454	2	0
2455	2	0
2456	2	0
2457	0	0
2458	2	0
2459	2	0
2460	2	0
2461	2	0
2462	2	0
2463	2	0
2464	2	0
2465	2	0
2466	2	0
2467	2	0
2468	2	0
2469	0	0
2470	2	0
2471	2	0
2472	7	0
2473	0	0
2474	2	0
2475	0	0
2476	2	0
2477	2	0
2478	2	0
2479	0	0
2480	0	0
2481	2	0
2482	2	0
2483	2	0
2484	2	0
2485	2	0
2486	2	0
2487	2	0
2488	2	0
2489	2	0
2490	2	0
2491	7	0
2492	2	0
2493	2	0
2494	0	0
2495	2	0
2496	2	0
2497	0	0
2498	2	0
2499	2	0
2500	2	0
2501	2	0
2502	2	0
2503	2	0
2504	2	0
2505	2	0
2506	2	0
2507	2	0
2508	2	0
2509	2	0
2510	2	0
2511	2	0
2512	2	0
2513	0	0
2514	2	0
2515	2	0
2516	2	0
2517	0	0
2518	6	0
2519	0	0
2520	2	0
2521	2	0
2522	2	0
2523	2	0
2524	2	0
2525	2	0
2526	2	0
2527	2	0
2528	2	0
2529	2	0
2530	2	0
2531	0	0
2532	2	0
2533	2	0
2534	5	0
2535	2	0
2536	2	0
2537	2	0
2538	2	0
2539	2	0
2540	2	0
2541	2	0
2542	2	0
2543	2	0
2544	2	0
2545	2	0
2546	2	0
2547	2	0
2548	3	0
2549	2	0
2550	7	0
2551	3	0
2552	2	0
2553	0	0
2554	2	0
2555	2	0
2556	2	0
2557	2	0
2558	2	0
2559	2	0
2560	2	0
2561	2	0
2562	2	0
2563	2	0
2564	2	0
2565	2	0
2566	2	0
2567	2	0
2568	3	0
2569	2	0
2570	7	0
2571	2	0
2572	2	0
2573	0	0
2574	2	0
2575	2	0
2576	2	0
2577	2	0
2578	2	0
2579	2	0
2580	2	0
2581	2	0
2582	2	0
2583	2	0
2584	2	0
2585	2	0
2586	2	0
2587	0	0
2588	2	0
2589	7	0
2590	2	0
2591	1	0
2592	2	0
2593	2	0
2594	2	0
2595	2	0
2596	2	0
2597	2	0
2598	2	0
2599	2	0
2600	2	0
2601	2	0
2602	2	0
2603	2	0
2604	2	0
2605	2	0
2606	2	0
2607	2	0
2608	2	0
2609	2	0
2610	7	0
2611	2	0
2612	2	0
2613	2	0
2614	2	0
2615	2	0
2616	2	0
2617	2	0
2618	2	0
2619	2	0
2620	2	0
2621	2	0
2622	2	0
2623	2	0
2624	2	0
2625	2	0
2626	2	0
2627	2	0
2628	7	0
2629	2	0
2630	2	0
2631	6	0
2632	2	0
2633	2	0
2634	2	0
2635	2	0
2636	2	0
2637	2	0
2638	2	0
2639	2	0
2640	2	0
2641	2	0
2642	2	0
2643	2	0
2644	2	0
2645	2	0
2646	3	0
2647	7	0
2648	2	0
2649	7	0
2650	2	0
2651	2	0
2652	6	0
2653	2	0
2654	2	0
2655	2	0
2656	2	0
2657	2	0
2658	6	0
2659	2	0
2660	2	0
2661	2	0
2662	3	0
2663	2	0
2664	2	0
2665	2	0
2666	2	0
2667	2	0
2668	0	0
2669	2	0
2670	2	0
2671	2	0
2672	2	0
2673	2	0
2674	2	0
2675	2	0
2676	2	0
2677	2	0
2678	2	0
2679	2	0
2680	2	0
2681	2	0
2682	2	0
2683	2	0
2684	2	0
2685	2	0
2686	2	0
2687	2	0
2688	2	0
2689	2	0
2690	2	0
2691	2	0
2692	2	0
2693	2	0
2694	3	0
2695	2	0
2696	1	0
2697	0	0
2698	3	0
2699	6	0
2700	2	0
2701	2	0
2702	7	0
2703	1	0
2704	3	0
2705	3	0
2706	2	0
2707	7	0
2708	2	0
2709	2	0
2710	2	0
2711	2	0
2712	2	0
2713	2	0
2714	2	0
2715	2	0
2716	2	0
2717	2	0
2718	2	0
2719	3	0
2720	2	0
2721	2	0
2722	2	0
2723	2	0
2724	2	0
2725	2	0
2726	2	0
2727	2	0
2728	2	0
2729	2	0
2730	2	0
2731	2	0
2732	2	0
2733	2	0
2734	2	0
2735	2	0
2736	3	0
2737	2	0
2738	1	0
2739	2	0
2740	2	0
2741	2	0
2742	2	0
2743	2	0
2744	2	0
2745	2	0
2746	2	0
2747	2	0
2748	2	0
2749	2	0
2750	3	0
2751	2	0
2752	2	0
2753	2	0
2754	2	0
2755	2	0
2756	2	0
2757	2	0
2758	2	0
2759	2	0
2760	2	0
2761	2	0
2762	3	0
2763	2	0
2764	2	0
2765	2	0
2766	2	0
2767	2	0
2768	2	0
2769	2	0
2770	2	0
2771	7	0
2772	2	0
2773	2	0
2774	2	0
2775	2	0
2776	2	0
2777	2	0
2778	2	0
2779	7	0
2780	2	0
2781	2	0
2782	2	0
2783	2	0
2784	2	0
2785	2	0
2786	2	0
2787	2	0
2788	2	0
2789	2	0
2790	2	0
2791	2	0
2792	2	0
2793	3	0
2794	2	0
2795	2	0
2796	2	0
2797	3	0
2798	1	0
2799	0	0
2800	2	0
2801	2	0
2802	3	0
2803	2	0
2804	2	0
2805	1	0
2806	7	0
2807	2	0
2808	7	0
2809	2	0
2810	2	0
2811	3	0
2812	2	0
2813	2	0
2814	2	0
2815	2	0
2816	2	0
2817	2	0
2818	2	0
2819	0	0
2820	2	0
2821	2	0
2822	2	0
2823	2	0
2824	2	0
2825	2	0
2826	2	0
2827	2	0
2828	2	0
2829	2	0
2830	2	0
2831	2	0
2832	2	0
2833	7	0
2834	2	0
2835	2	0
2836	2	0
2837	2	0
2838	2	0
2839	3	0
2840	2	0
2841	2	0
2842	2	0
2843	2	0
2844	2	0
2845	2	0
2846	2	0
2847	2	0
2848	3	0
2849	2	0
2850	3	0
2851	2	0
2852	2	0
2853	2	0
2854	0	0
2855	2	0
2856	2	0
2857	2	0
2858	2	0
2859	2	0
2860	2	0
2861	2	0
2862	2	0
2863	2	0
2864	2	0
2865	2	0
2866	2	0
2867	2	0
2868	2	0
2869	2	0
2870	2	0
2871	7	0
2872	2	0
2873	2	0
2874	2	0
2875	2	0
2876	2	0
2877	1	0
2878	3	0
2879	2	0
2880	2	0
2881	2	0
2882	2	0
2883	6	0
2884	2	0
2885	2	0
2886	2	0
2887	2	0
2888	2	0
2889	2	0
2890	2	0
2891	2	0
2892	2	0
2893	1	0
2894	2	0
2895	2	0
2896	2	0
2897	2	0
2898	2	0
2899	2	0
2900	2	0
2901	3	6
2902	3	0
2903	3	0
2904	6	0
2905	2	0
2906	2	0
2907	2	0
2908	2	0
2909	2	0
2910	2	0
2911	2	0
2912	2	0
2913	2	0
2914	2	0
2915	2	0
2916	2	0
2917	2	0
2918	2	0
2919	2	0
2920	2	0
2921	2	0
2922	2	0
2923	2	0
2924	2	0
2925	2	0
2926	2	0
2927	2	0
2928	2	0
2929	2	0
2930	2	0
2931	1	0
2932	2	0
2933	2	0
2934	3	0
2935	2	0
2936	2	0
2937	2	0
2938	2	0
2939	2	0
2940	2	0
2941	2	0
2942	2	0
2943	2	0
2944	2	0
2945	3	0
2946	2	0
2947	2	0
2948	2	0
2949	3	0
2950	2	0
2951	2	0
2952	7	0
2953	2	0
2954	2	0
2955	7	0
2956	2	0
2957	0	0
2958	2	0
2959	2	0
2960	2	0
2961	2	0
2962	2	0
2963	6	0
2964	2	0
2965	2	0
2966	2	0
2967	2	0
2968	2	0
2969	2	0
2970	2	0
2971	2	0
2972	2	0
2973	2	0
2974	1	0
2975	2	0
2976	2	0
2977	3	0
2978	2	0
2979	2	0
2980	2	0
2981	2	0
2982	2	0
2983	2	0
2984	2	0
2985	2	0
2986	2	0
2987	2	0
2988	2	0
2989	2	0
2990	2	0
2991	2	0
2992	2	0
2993	2	0
2994	2	0
2995	2	0
2996	2	0
2997	2	0
2998	7	0
2999	2	0
3000	2	0
3001	2	0
3002	2	0
3003	2	0
3004	2	0
3005	3	0
3006	2	0
3007	1	0
3008	7	0
3009	2	0
3010	3	0
3011	2	0
3012	2	0
3013	2	0
3014	2	0
3015	2	0
3016	2	0
3017	3	0
3018	2	0
3019	3	0
3020	3	0
3021	3	0
3022	2	0
3023	6	0
3024	2	0
3025	2	0
3026	2	0
3027	7	0
3028	2	0
3029	2	0
3030	2	0
3031	2	0
3032	2	0
3033	2	0
3034	2	0
3035	2	0
3036	2	0
3037	2	0
3038	2	0
3039	2	0
3040	2	0
3041	2	0
3042	2	0
3043	2	0
3044	2	0
3045	3	0
3046	2	0
3047	2	0
3048	2	0
3049	2	0
3050	2	0
3051	7	0
3052	2	0
3053	2	0
3054	2	0
3055	2	0
3056	2	0
3057	2	0
3058	2	0
3059	2	0
3060	2	0
3061	2	0
3062	2	0
3063	2	0
3064	2	0
3065	2	0
3066	2	0
3067	2	0
3068	2	0
3069	2	0
3070	2	0
3071	2	0
3072	3	0
3073	2	0
3074	3	0
3075	2	0
3076	7	0
3077	2	0
3078	2	0
3079	2	0
3080	2	0
3081	2	0
3082	2	0
3083	2	0
3084	2	0
3085	2	0
3086	2	0
3087	2	0
3088	2	0
3089	2	0
3090	2	0
3091	2	0
3092	2	0
3093	2	0
3094	2	0
3095	2	0
3096	2	0
3097	2	0
3098	2	0
3099	2	0
3100	2	0
3101	2	0
3102	2	0
3103	2	0
3104	2	0
3105	2	0
3106	2	0
3107	2	0
3108	3	0
3109	3	0
3110	4	0
3111	2	0
3112	2	0
3113	2	0
3114	2	0
3115	2	0
3116	3	0
3117	2	0
3118	2	0
3119	2	0
3120	2	0
3121	2	0
3122	2	0
3123	2	0
3124	2	0
3125	2	0
3126	2	0
3127	3	0
3128	2	0
3129	2	0
3130	2	0
3131	2	0
3132	2	0
3133	2	0
3134	2	0
3135	2	0
3136	2	0
3137	2	0
3138	2	0
3139	2	0
3140	2	0
3141	3	0
3142	2	0
3143	2	0
3144	2	0
3145	2	0
3146	2	0
3147	2	0
3148	2	0
3149	2	0
3150	2	0
3151	2	0
3152	2	0
3153	2	0
3154	0	0
3155	0	0
3156	2	0
3157	0	0
3158	2	0
3159	2	0
3160	0	0
3161	2	0
3162	7	0
3163	2	0
3164	2	0
3165	2	0
3166	2	0
3167	0	0
3168	2	0
3169	3	2
3170	0	0
3171	3	0
3172	2	0
3173	2	0
3174	2	0
3175	2	0
3176	7	0
3177	2	0
3178	2	0
3179	2	0
3180	0	0
3181	2	0
3182	2	0
3183	2	0
3184	3	0
3185	2	0
3186	2	0
3187	2	0
3188	0	0
3189	2	0
3190	6	0
3191	2	0
3192	2	0
3193	0	0
3194	2	0
3195	2	0
3196	2	0
3197	0	0
3198	2	0
3199	2	0
3200	2	0
3201	2	0
3202	2	0
3203	7	0
3204	2	0
3205	2	0
3206	2	0
3207	2	0
3208	7	0
3209	2	0
3210	2	0
3211	2	0
3212	2	0
3213	3	3
3214	0	0
3215	2	0
3216	2	0
3217	0	0
3218	0	0
3219	2	0
3220	3	0
3221	2	0
3222	2	0
3223	3	3
3224	0	0
3225	2	0
3226	6	0
3227	7	0
3228	2	0
3229	2	0
3230	2	0
3231	0	0
3232	0	0
3233	2	0
3234	2	0
3235	6	0
3236	0	0
3237	2	0
3238	0	0
3239	2	0
3240	2	0
3241	2	0
3242	0	0
3243	2	0
3244	0	0
3245	7	0
3246	0	0
3247	2	0
3248	2	0
3249	2	0
3250	2	0
3251	2	0
3252	2	0
3253	2	0
3254	0	0
3255	2	0
3256	2	0
3257	2	0
3258	2	0
3259	0	0
3260	0	0
3261	2	0
3262	2	0
3263	2	0
3264	0	0
3265	0	0
3266	2	0
3267	2	0
3268	3	0
3269	7	0
3270	3	0
3271	6	0
3272	0	0
3273	2	0
3274	2	0
3275	2	0
3276	0	0
3277	2	0
3278	2	0
3279	2	0
3280	2	0
3281	2	0
3282	0	0
3283	2	0
3284	2	0
3285	2	0
3286	2	0
3287	2	0
3288	2	0
3289	2	0
3290	3	0
3291	2	0
3292	2	0
3293	2	0
3294	2	0
3295	2	0
3296	2	0
3297	7	0
3298	2	0
3299	7	0
3300	3	0
3301	2	0
3302	2	0
3303	2	0
3304	2	0
3305	0	0
3306	0	0
3307	2	0
3308	0	0
3309	2	0
3310	2	0
3311	2	0
3312	0	0
3313	2	0
3314	2	0
3315	2	0
3316	2	0
3317	2	0
3318	2	0
3319	2	0
3320	2	0
3321	3	0
3322	0	0
3323	2	0
3324	2	0
3325	2	0
3326	2	0
3327	2	0
3328	2	0
3329	2	0
3330	2	0
3331	2	0
3332	2	0
3333	2	0
3334	2	0
3335	3	0
3336	2	0
3337	2	0
3338	2	0
3339	2	0
3340	2	0
3341	2	0
3342	2	0
3343	3	0
3344	2	0
3345	3	0
3346	2	0
3347	3	0
3348	6	0
3349	2	0
3350	2	0
3351	7	0
3352	2	0
3353	2	0
3354	2	0
3355	2	0
3356	2	0
3357	2	0
3358	2	0
3359	2	0
3360	2	0
3361	2	0
3362	2	0
3363	2	0
3364	7	0
3365	2	0
3366	7	0
3367	2	0
3368	7	0
3369	2	0
3370	6	0
3371	2	0
3372	7	0
3373	2	0
3374	2	0
3375	2	0
3376	2	0
3377	0	0
3378	6	0
3379	7	0
3380	0	0
3381	0	0
3382	7	0
3383	6	0
3384	2	0
3385	7	0
3386	2	0
3387	2	0
3388	0	0
3389	2	0
3390	2	0
3391	2	0
3392	3	0
3393	2	0
3394	2	0
3395	2	0
3396	2	0
3397	0	0
3398	2	0
3399	2	0
3400	3	0
3401	3	0
3402	0	0
3403	2	0
3404	2	0
3405	2	0
3406	2	0
3407	0	0
3408	2	0
3409	0	0
3410	2	0
3411	2	0
3412	0	0
3413	2	0
3414	2	0
3415	0	0
3416	2	0
3417	6	0
3418	2	0
3419	0	0
3420	2	0
3421	2	0
3422	2	0
3423	3	0
3424	2	0
3425	2	0
3426	2	0
3427	2	0
3428	2	0
3429	2	0
3430	2	0
3431	2	0
3432	2	0
3433	2	0
3434	2	0
3435	0	0
3436	6	0
3437	0	0
3438	2	0
3439	2	0
3440	2	0
3441	2	0
3442	2	0
3443	2	0
3444	7	0
3445	3	0
3446	2	0
3447	2	0
3448	2	0
3449	3	0
3450	0	0
3451	2	0
3452	2	0
3453	2	0
3454	2	0
3455	2	0
3456	2	0
3457	2	0
3458	0	0
3459	2	0
3460	0	0
3461	7	0
3462	2	0
3463	2	0
3464	2	0
3465	0	0
3466	0	0
3467	2	0
3468	0	0
3469	7	0
3470	2	0
3471	7	0
3472	2	0
3473	2	0
3474	2	0
3475	2	0
3476	0	0
3477	2	0
3478	2	0
3479	2	0
3480	7	0
3481	2	0
3482	2	0
3483	3	0
3484	2	0
3485	3	0
3486	2	0
3487	2	0
3488	2	0
3489	2	0
3490	2	0
3491	7	0
3492	2	0
3493	2	0
3494	3	0
3495	7	0
3496	2	0
3497	2	0
3498	2	0
3499	2	0
3500	2	0
3501	2	0
3502	2	0
3503	2	0
3504	3	0
3505	2	0
3506	2	0
3507	7	0
3508	0	0
3509	2	0
3510	0	0
3511	2	0
3512	6	0
3513	2	0
3514	2	0
3515	2	0
3516	3	0
3517	2	0
3518	2	0
3519	2	0
3520	7	0
3521	2	0
3522	2	0
3523	2	0
3524	6	0
3525	2	0
3526	2	0
3527	2	0
3528	2	0
3529	2	0
3530	2	0
3531	2	0
3532	3	0
3533	2	0
3534	3	0
3535	6	0
3536	2	0
3537	2	0
3538	2	0
3539	2	0
3540	2	0
3541	6	0
3542	2	0
3543	2	0
3544	2	0
3545	2	0
3546	2	0
3547	2	0
3548	2	0
3549	0	0
3550	2	0
3551	2	0
3552	2	0
3553	2	0
3554	2	0
3555	2	0
3556	2	0
3557	2	0
3558	2	0
3559	2	0
3560	2	0
3561	6	0
3562	2	0
3563	7	0
3564	7	0
3565	2	0
3566	7	0
3567	2	0
3568	2	0
3569	2	0
3570	0	0
3571	2	0
3572	2	0
3573	6	0
3574	2	0
3575	2	0
3576	7	0
3577	2	0
3578	2	0
3579	2	0
3580	3	0
3581	2	0
3582	3	0
3583	3	0
3584	2	0
3585	0	0
3586	2	0
3587	2	0
3588	2	0
3589	3	3
3590	2	0
3591	2	0
3592	0	0
3593	2	0
3594	2	0
3595	2	0
3596	2	0
3597	2	0
3598	7	0
3599	2	0
3600	3	0
3601	2	0
3602	2	0
3603	2	0
3604	2	0
3605	2	0
3606	2	0
3607	2	0
3608	3	0
3609	2	0
3610	2	0
3611	2	0
3612	2	0
3613	2	0
3614	3	0
3615	2	0
3616	2	0
3617	2	0
3618	2	0
3619	2	0
3620	7	0
3621	2	0
3622	2	0
3623	2	0
3624	2	0
3625	2	0
3626	2	0
3627	2	0
3628	2	0
3629	2	0
3630	3	0
3631	2	0
3632	2	0
3633	2	0
3634	2	0
3635	2	0
3636	2	0
3637	2	0
3638	0	0
3639	3	4
3640	2	0
3641	2	0
3642	2	0
3643	0	0
3644	2	0
3645	2	0
3646	2	0
3647	2	0
3648	7	0
3649	7	0
3650	2	0
3651	7	0
3652	2	0
3653	2	0
3654	2	0
3655	2	0
3656	2	0
3657	2	0
3658	2	0
3659	2	0
3660	2	0
3661	2	0
3662	2	0
3663	2	0
3664	2	0
3665	0	0
3666	3	0
3667	2	0
3668	3	0
3669	2	0
3670	7	0
3671	2	0
3672	2	0
3673	2	0
3674	7	0
3675	3	0
3676	7	0
3677	2	0
3678	2	0
3679	2	0
3680	2	0
3681	2	0
3682	0	0
3683	2	0
3684	2	0
3685	2	0
3686	3	0
3687	2	0
3688	2	0
3689	2	0
3690	2	0
3691	2	0
3692	2	0
3693	2	0
3694	3	0
3695	2	0
3696	2	0
3697	2	0
3698	2	0
3699	2	0
3700	2	0
3701	7	0
3702	7	0
3703	2	0
3704	2	0
3705	2	0
3706	2	0
3707	2	0
3708	3	0
3709	0	0
3710	2	0
3711	3	0
3712	2	0
3713	6	0
3714	2	0
3715	6	0
3716	2	0
3717	2	0
3718	7	0
3719	2	0
3720	2	0
3721	2	0
3722	2	0
3723	2	0
3724	2	0
3725	0	0
3726	2	0
3727	0	0
3728	3	0
3729	7	0
3730	3	0
3731	0	0
3732	0	0
3733	0	0
3734	0	0
3735	2	0
3736	7	0
3737	2	0
3738	3	0
3739	2	0
3740	2	0
3741	2	0
3742	6	0
3743	7	0
3744	2	0
3745	2	0
3746	2	0
3747	0	0
3748	2	0
3749	0	0
3750	2	0
3751	0	0
3752	0	0
3753	7	0
3754	7	0
3755	2	0
3756	0	0
3757	0	0
3758	7	0
3759	0	0
3760	2	0
3761	3	0
3762	0	0
3763	0	0
3764	6	0
3765	2	0
3766	3	0
3767	0	0
3768	2	0
3769	0	0
3770	6	0
3771	7	0
3772	0	0
3773	3	0
3774	7	0
3775	3	0
3776	0	0
3777	0	0
3778	2	0
3779	2	0
3780	0	0
3781	7	0
3782	2	0
3783	7	0
3784	0	0
3785	3	0
3786	7	0
3787	0	0
3788	7	0
3789	2	0
3790	0	0
3791	2	0
3792	0	0
3793	0	0
3794	0	0
3795	0	0
3796	2	0
3797	0	0
3798	2	0
3799	5	0
3800	0	0
3801	2	0
3802	7	0
3803	0	0
3804	2	0
3805	0	0
3806	2	0
3807	0	0
3808	7	0
3809	0	0
3810	6	0
3811	0	0
3812	0	0
3813	0	0
3814	7	0
3815	3	0
3816	2	0
3817	7	0
3818	2	0
3819	2	0
3820	2	0
3821	0	0
3822	2	0
3823	2	0
3824	2	0
3825	0	0
3826	2	0
3827	0	0
3828	0	0
3829	0	0
3830	0	0
3831	0	0
3832	0	0
3833	0	0
3834	2	0
3835	2	0
3836	0	0
3837	0	0
3838	0	0
3839	2	0
3840	0	0
3841	2	0
3842	0	0
3843	2	0
3844	2	0
3845	0	0
3846	0	0
3847	0	0
3848	0	0
3849	0	0
3850	2	0
3851	2	0
3852	0	0
3853	0	0
3854	0	0
3855	3	0
3856	2	0
3857	2	0
3858	7	0
3859	0	0
3860	6	0
3861	0	0
3862	2	0
3863	7	0
3864	3	0
3865	0	0
3866	0	0
3867	2	0
3868	6	0
3869	0	0
3870	0	0
3871	7	0
3872	0	0
3873	3	0
3874	7	0
3875	6	0
3876	2	0
3877	0	0
3878	6	0
3879	2	0
3880	6	0
3881	6	0
3882	3	0
3883	6	0
3884	2	0
3885	2	0
3886	6	0
3887	6	0
3888	2	0
3889	0	0
3890	2	0
3891	2	0
3892	0	0
3893	0	0
3894	0	0
3895	2	0
3896	7	0
3897	2	0
3898	6	0
3899	2	0
3900	2	0
3901	7	0
3902	6	0
3903	6	0
3904	2	0
3905	6	0
3906	6	0
3907	6	0
3908	6	0
3909	2	0
3910	6	0
3911	0	0
3912	2	0
3913	2	0
3914	2	0
3915	2	0
3916	6	0
3917	0	0
3918	0	0
3919	2	0
3920	6	0
3921	7	0
3922	2	0
3923	7	0
3924	0	0
3925	2	0
3926	2	0
3927	0	0
3928	0	0
3929	0	0
3930	6	0
3931	0	0
3932	6	0
3933	6	0
3934	0	0
3935	2	0
3936	7	0
3937	2	0
3938	0	0
3939	6	0
3940	2	0
3941	3	0
3942	6	0
3943	0	0
3944	2	0
3945	0	0
3946	0	0
3947	6	0
3948	0	0
3949	2	0
3950	3	0
3951	0	0
3952	6	0
3953	6	0
3954	2	0
3955	2	0
3956	2	0
3957	2	0
3958	3	0
3959	2	0
3960	6	0
3961	7	0
3962	6	0
3963	2	0
3964	2	0
3965	6	0
3966	6	0
3967	0	0
3968	2	0
3969	0	0
3970	3	0
3971	2	0
3972	7	0
3973	7	0
3974	0	0
3975	0	0
3976	2	0
3977	0	0
3978	3	0
3979	2	0
3980	3	0
3981	0	0
3982	3	0
3983	0	0
3984	0	0
3985	2	0
3986	3	0
3987	7	0
3988	2	0
3989	0	0
3990	0	0
3991	0	0
3992	6	0
3993	2	0
3994	6	0
3995	6	0
3996	7	0
3997	6	0
3998	2	0
3999	6	0
4000	2	0
4001	6	0
4002	6	0
4003	0	0
4004	2	0
4005	6	0
4006	6	0
4007	7	0
4008	0	0
4009	7	0
4010	6	0
4011	2	0
4012	6	0
4013	0	0
4014	2	0
4015	0	0
4016	2	0
4017	6	0
4018	7	0
4019	6	0
4020	2	0
4021	2	0
4022	6	0
4023	6	0
4024	6	0
4025	2	0
4026	3	0
4027	2	0
4028	0	0
4029	0	0
4030	0	0
4031	0	0
4032	2	0
4033	2	0
4034	0	0
4035	2	0
4036	2	0
4037	7	0
4038	0	0
4039	2	0
4040	0	0
4041	2	0
4042	0	0
4043	0	0
4044	7	0
4045	0	0
4046	2	0
4047	0	0
4048	2	0
4049	2	0
4050	2	0
4051	0	0
4052	0	0
4053	0	0
4054	2	0
4055	0	0
4056	2	0
4057	0	0
4058	0	0
4059	0	0
4060	2	0
4061	2	0
4062	0	0
4063	0	0
4064	2	0
4065	0	0
4066	0	0
4067	0	0
4068	7	0
4069	2	0
4070	0	0
4071	2	0
4072	2	0
4073	0	0
4074	0	0
4075	2	0
4076	0	0
4077	0	0
4078	0	0
4079	2	0
4080	0	0
4081	0	0
4082	2	0
4083	7	0
4084	0	0
4085	0	0
4086	2	0
4087	0	0
4088	2	0
4089	0	0
4090	0	0
4091	7	0
4092	2	0
4093	2	0
4094	2	0
4095	2	0
4096	7	0
4097	0	0
4098	2	0
4099	7	0
4100	0	0
4101	0	0
4102	0	0
4103	2	0
4104	2	0
4105	6	0
4106	7	0
4107	2	0
4108	2	0
4109	2	0
4110	3	0
4111	0	0
4112	2	0
4113	2	0
4114	0	0
4115	2	0
4116	0	0
4117	0	0
4118	2	0
4119	2	0
4120	7	0
4121	2	0
4122	0	0
4123	0	0
4124	2	0
4125	2	0
4126	3	0
4127	0	0
4128	2	0
4129	2	0
4130	2	0
4131	0	0
4132	0	0
4133	3	0
4134	2	0
4135	3	0
4136	2	0
4137	2	0
4138	2	0
4139	0	0
4140	2	0
4141	2	0
4142	0	0
4143	6	0
4144	0	0
4145	0	0
4146	2	0
4147	0	0
4148	2	0
4149	2	0
4150	2	0
4151	2	0
4152	2	0
4153	6	0
4154	2	0
4155	7	0
4156	2	0
4157	0	0
4158	7	0
4159	2	0
4160	2	0
4161	2	0
4162	0	0
4163	2	0
4164	2	0
4165	2	0
4166	0	0
4167	2	0
4168	0	0
4169	0	0
4170	0	0
4171	0	0
4172	0	0
4173	0	0
4174	0	0
4175	2	0
4176	0	0
4177	0	0
4178	2	0
4179	2	0
4180	0	0
4181	0	0
4182	0	0
4183	2	0
4184	2	0
4185	0	0
4186	2	0
4187	2	0
4188	0	0
4189	2	0
4190	0	0
4191	7	0
4192	6	0
4193	2	0
4194	2	0
4195	0	0
4196	2	0
4197	0	0
4198	2	0
4199	2	0
4200	7	0
4201	0	0
4202	0	0
4203	2	0
4204	2	0
4205	0	0
4206	5	0
4207	2	0
4208	2	0
4209	0	0
4210	2	0
4211	0	0
4212	0	0
4213	6	0
4214	2	0
4215	2	0
4216	0	0
4217	2	0
4218	2	0
4219	2	0
4220	3	0
4221	0	0
4222	6	0
4223	0	0
4224	2	0
4225	0	0
4226	2	0
4227	0	0
4228	0	0
4229	0	0
4230	2	0
4231	7	0
4232	2	0
4233	0	0
4234	2	0
4235	2	0
4236	0	0
4237	0	0
4238	0	0
4239	0	0
4240	2	0
4241	0	0
4242	0	0
4243	0	0
4244	0	0
4245	0	0
4246	2	0
4247	2	0
4248	0	0
4249	0	0
4250	2	0
4251	0	0
4252	2	0
4253	6	0
4254	0	0
4255	0	0
4256	2	0
4257	2	0
4258	0	0
4259	2	0
4260	0	0
4261	0	0
4262	7	0
4263	0	0
4264	0	0
4265	2	0
4266	0	0
4267	0	0
4268	0	0
4269	0	0
4270	7	0
4271	0	0
4272	2	0
4273	2	0
4274	0	0
4275	0	0
4276	2	0
4277	0	0
4278	2	0
4279	0	0
4280	0	0
4281	0	0
4282	2	0
4283	0	0
4284	2	0
4285	2	0
4286	0	0
4287	0	0
4288	2	0
4289	0	0
4290	0	0
4291	2	0
4292	2	0
4293	0	0
4294	0	0
4295	2	0
4296	2	0
4297	0	0
4298	0	0
4299	2	0
4300	0	0
4301	0	0
4302	0	0
4303	0	0
4304	0	0
4305	0	0
4306	2	0
4307	0	0
4308	2	0
4309	0	0
4310	0	0
4311	2	0
4312	0	0
4313	2	0
4314	2	0
4315	2	0
4316	2	0
4317	0	0
4318	2	0
4319	2	0
4320	0	0
4321	2	0
4322	2	0
4323	7	0
4324	2	0
4325	2	0
4326	2	0
4327	2	0
4328	6	0
4329	2	0
4330	2	0
4331	2	0
4332	2	0
4333	2	0
4334	2	0
4335	2	0
4336	2	0
4337	2	0
4338	2	0
4339	2	0
4340	2	0
4341	2	0
4342	7	0
4343	2	0
4344	2	0
4345	2	0
4346	2	0
4347	2	0
4348	2	0
4349	2	0
4350	2	0
4351	2	0
4352	2	0
4353	2	0
4354	2	0
4355	7	0
4356	2	0
4357	2	0
4358	2	0
4359	2	0
4360	2	0
4361	2	0
4362	2	0
4363	2	0
4364	2	0
4365	2	0
4366	2	0
4367	7	0
4368	2	0
4369	2	0
4370	2	0
4371	2	0
4372	2	0
4373	2	0
4374	2	0
4375	2	0
4376	2	0
4377	2	0
4378	2	0
4379	2	0
4380	2	0
4381	2	0
4382	2	0
4383	2	0
4384	2	0
4385	2	0
4386	2	0
4387	2	0
4388	6	0
4389	7	0
4390	2	0
4391	7	0
4392	0	0
4393	7	0
4394	2	0
4395	2	0
4396	2	0
4397	2	0
4398	2	0
4399	2	0
4400	2	0
4401	2	0
4402	2	0
4403	3	0
4404	7	0
4405	7	0
4406	2	0
4407	2	0
4408	2	0
4409	2	0
4410	2	0
4411	2	0
4412	2	0
4413	2	0
4414	2	0
4415	2	0
4416	2	0
4417	2	0
4418	2	0
4419	2	0
4420	2	0
4421	2	0
4422	2	0
4423	2	0
4424	6	0
4425	2	0
4426	2	0
4427	2	0
4428	2	0
4429	2	0
4430	0	0
4431	2	0
4432	6	0
4433	2	0
4434	2	0
4435	7	0
4436	2	0
4437	2	0
4438	2	0
4439	2	0
4440	2	0
4441	0	0
4442	2	0
4443	2	0
4444	2	0
4445	2	0
4446	0	0
4447	2	0
4448	2	0
4449	2	0
4450	2	0
4451	2	0
4452	2	0
4453	2	0
4454	2	0
4455	2	0
4456	2	0
4457	2	0
4458	2	0
4459	2	0
4460	2	0
4461	2	0
4462	0	0
4463	2	0
4464	2	0
4465	2	0
4466	3	0
4467	2	0
4468	2	0
4469	2	0
4470	2	0
4471	0	0
4472	2	0
4473	2	0
4474	6	0
4475	7	0
4476	7	0
4477	2	0
4478	2	0
4479	2	0
4480	7	0
4481	2	0
4482	2	0
4483	2	0
4484	2	0
4485	2	0
4486	7	0
4487	2	0
4488	2	0
4489	2	0
4490	2	0
4491	2	0
4492	2	0
4493	2	0
4494	2	0
4495	2	0
4496	2	0
4497	2	0
4498	2	0
4499	2	0
4500	2	0
4501	3	0
4502	6	0
4503	2	0
4504	2	0
4505	2	0
4506	2	0
4507	2	0
4508	2	0
4509	2	0
4510	7	0
4511	2	0
4512	2	0
4513	2	0
4514	2	0
4515	2	0
4516	2	0
4517	2	0
4518	2	0
4519	2	0
4520	2	0
4521	2	0
4522	0	0
4523	2	0
4524	2	0
4525	2	0
4526	2	0
4527	2	0
4528	2	0
4529	2	0
4530	2	0
4531	2	0
4532	2	0
4533	2	0
4534	2	0
4535	2	0
4536	2	0
4537	2	0
4538	2	0
4539	2	0
4540	2	0
4541	2	0
4542	2	0
4543	2	0
4544	7	0
4545	2	0
4546	2	0
4547	2	0
4548	2	0
4549	2	0
4550	2	0
4551	0	0
4552	2	0
4553	7	0
4554	2	0
4555	2	0
4556	2	0
4557	2	0
4558	2	0
4559	2	0
4560	2	0
4561	2	0
4562	2	0
4563	2	0
4564	3	0
4565	2	0
4566	2	0
4567	2	0
4568	2	0
4569	2	0
4570	2	0
4571	3	0
4572	2	0
4573	2	0
4574	2	0
4575	3	0
4576	2	0
4577	2	0
4578	2	0
4579	2	0
4580	6	0
4581	2	0
4582	2	0
4583	2	0
4584	2	0
4585	0	0
4586	7	0
4587	7	0
4588	2	0
4589	6	0
4590	2	0
4591	2	0
4592	2	0
4593	2	0
4594	2	0
4595	2	0
4596	7	0
4597	2	0
4598	2	0
4599	2	0
4600	7	0
4601	2	0
4602	0	0
4603	2	0
4604	2	0
4605	2	0
4606	2	0
4607	2	0
4608	2	0
4609	2	0
4610	2	0
4611	2	0
4612	2	0
4613	2	0
4614	2	0
4615	7	0
4616	2	0
4617	2	0
4618	2	0
4619	3	0
4620	2	0
4621	2	0
4622	2	0
4623	2	0
4624	2	0
4625	2	0
4626	3	0
4627	2	0
4628	2	0
4629	2	0
4630	2	0
4631	2	0
4632	2	0
4633	2	0
4634	2	0
4635	3	0
4636	2	0
4637	2	0
4638	2	0
4639	2	0
4640	2	0
4641	2	0
4642	2	0
4643	2	0
4644	2	0
4645	3	0
4646	2	0
4647	2	0
4648	2	0
4649	2	0
4650	2	0
4651	0	0
4652	7	0
4653	2	0
4654	2	0
4655	2	0
4656	2	0
4657	2	0
4658	2	0
4659	2	0
4660	2	0
4661	2	0
4662	2	0
4663	2	0
4664	2	0
4665	7	0
4666	2	0
4667	2	0
4668	3	0
4669	2	0
4670	2	0
4671	2	0
4672	2	0
4673	2	0
4674	7	0
4675	2	0
4676	2	0
4677	2	0
4678	2	0
4679	2	0
4680	2	0
4681	2	0
4682	7	0
4683	2	0
4684	2	0
4685	7	0
4686	7	0
4687	2	0
4688	2	0
4689	2	0
4690	2	0
4691	3	0
4692	2	0
4693	2	0
4694	2	0
4695	2	0
4696	0	0
4697	2	0
4698	2	0
4699	2	0
4700	2	0
4701	2	0
4702	6	0
4703	2	0
4704	2	0
4705	3	0
4706	2	0
4707	2	0
4708	2	0
4709	2	0
4710	3	0
4711	2	0
4712	2	0
4713	2	0
4714	2	0
4715	2	0
4716	2	0
4717	2	0
4718	2	0
4719	2	0
4720	2	0
4721	6	0
4722	2	0
4723	2	0
4724	2	0
4725	2	0
4726	2	0
4727	2	0
4728	2	0
4729	2	0
4730	2	0
4731	0	0
4732	6	0
4733	2	0
4734	2	0
4735	7	0
4736	2	0
4737	7	0
4738	2	0
4739	2	0
4740	2	0
4741	6	0
4742	2	0
4743	0	0
4744	2	0
4745	2	0
4746	3	0
4747	2	0
4748	2	0
4749	2	0
4750	2	0
4751	2	0
4752	2	0
4753	2	0
4754	2	0
4755	6	0
4756	2	0
4757	2	0
4758	2	0
4759	2	0
4760	7	0
4761	2	0
4762	6	0
4763	2	0
4764	2	0
4765	2	0
4766	2	0
4767	2	0
4768	2	0
4769	2	0
4770	2	0
4771	3	0
4772	2	0
4773	2	0
4774	2	0
4775	0	0
4776	2	0
4777	7	0
4778	2	0
4779	2	0
4780	2	0
4781	2	0
4782	2	0
4783	2	0
4784	2	0
4785	2	0
4786	2	0
4787	2	0
4788	2	0
4789	2	0
4790	2	0
4791	2	0
4792	2	0
4793	7	0
4794	2	0
4795	2	0
4796	2	0
4797	2	0
4798	7	0
4799	2	0
4800	6	0
4801	2	0
4802	2	0
4803	2	0
4804	2	0
4805	2	0
4806	3	0
4807	2	0
4808	7	0
4809	2	0
4810	3	0
4811	2	0
4812	2	0
4813	2	0
4814	2	0
4815	7	0
4816	7	0
4817	7	0
4818	7	0
4819	2	0
4820	2	0
4821	2	0
4822	2	0
4823	2	0
4824	2	0
4825	2	0
4826	2	0
4827	2	0
4828	2	0
4829	2	0
4830	2	0
4831	3	0
4832	2	0
4833	2	0
4834	2	0
4835	2	0
4836	2	0
4837	7	0
4838	7	0
4839	3	0
4840	2	0
4841	2	0
4842	2	0
4843	2	0
4844	7	0
4845	2	0
4846	2	0
4847	2	0
4848	2	0
4849	7	0
4850	2	0
4851	2	0
4852	2	0
4853	2	0
4854	2	0
4855	2	0
4856	2	0
4857	0	0
4858	7	0
4859	0	0
4860	2	0
4861	2	0
4862	2	0
4863	7	0
4864	2	0
4865	2	0
4866	2	0
4867	2	0
4868	2	0
4869	2	0
4870	2	0
4871	2	0
4872	2	0
4873	2	0
4874	3	6
4875	2	0
4876	2	0
4877	2	0
4878	2	0
4879	2	0
4880	2	0
4881	2	0
4882	2	0
4883	2	0
4884	2	0
4885	2	0
4886	0	0
4887	2	0
4888	0	0
4889	2	0
4890	2	0
4891	2	0
4892	1	0
4893	2	0
4894	2	0
4895	2	0
4896	3	0
4897	2	0
4898	2	0
4899	2	0
4900	2	0
4901	2	0
4902	2	0
4903	2	0
4904	2	0
4905	2	0
4906	2	0
4907	2	0
4908	3	0
4909	2	0
4910	2	0
4911	2	0
4912	2	0
4913	2	0
4914	2	0
4915	7	0
4916	2	0
4917	2	0
4918	2	0
4919	2	0
4920	2	0
4921	2	0
4922	2	0
4923	2	0
4924	3	0
4925	2	0
4926	2	0
4927	2	0
4928	2	0
4929	2	0
4930	2	0
4931	7	0
4932	3	0
4933	2	0
4934	2	0
4935	2	0
4936	2	0
4937	2	0
4938	3	0
4939	2	0
4940	2	0
4941	2	0
4942	2	0
4943	2	0
4944	2	0
4945	2	0
4946	2	0
4947	2	0
4948	2	0
4949	3	0
4950	2	0
4951	2	0
4952	2	0
4953	2	0
4954	2	0
4955	2	0
4956	2	0
4957	0	0
4958	2	0
4959	2	0
4960	2	0
4961	2	0
4962	3	0
4963	7	0
4964	3	0
4965	2	0
4966	6	0
4967	2	0
4968	2	0
4969	2	0
4970	2	0
4971	2	0
4972	2	0
4973	2	0
4974	2	0
4975	2	0
4976	2	0
4977	2	0
4978	2	0
4979	2	0
4980	2	0
4981	7	0
4982	2	0
4983	2	0
4984	2	0
4985	2	0
4986	2	0
4987	2	0
4988	2	0
4989	2	0
4990	6	0
4991	2	0
4992	2	0
4993	0	0
4994	6	0
4995	2	0
4996	0	0
4997	2	0
4998	6	0
4999	2	0
5000	7	0
5001	2	0
5002	2	0
5003	3	0
5004	2	0
5005	2	0
5006	2	0
5007	2	0
5008	2	0
5009	0	0
5010	2	0
5011	7	0
5012	7	0
5013	2	0
5014	6	0
5015	2	0
5016	2	0
5017	2	0
5018	2	0
5019	2	0
5020	0	0
5021	7	0
5022	7	0
5023	2	0
5024	2	0
5025	2	0
5026	2	0
5027	7	0
5028	0	0
5029	2	0
5030	2	0
5031	2	0
5032	2	0
5033	2	0
5034	2	0
5035	2	0
5036	2	0
5037	2	0
5038	2	0
5039	2	0
5040	6	0
5041	2	0
5042	3	0
5043	2	0
5044	2	0
5045	2	0
5046	2	0
5047	2	0
5048	2	0
5049	2	0
5050	2	0
5051	3	0
5052	2	0
5053	2	0
5054	6	0
5055	2	0
5056	2	0
5057	2	0
5058	2	0
5059	2	0
5060	2	0
5061	0	0
5062	2	0
5063	2	0
5064	2	0
5065	2	0
5066	2	0
5067	2	0
5068	1	0
5069	2	0
5070	2	0
5071	2	0
5072	2	0
5073	2	0
5074	2	0
5075	2	0
5076	2	0
5077	3	0
5078	7	0
5079	2	0
5080	2	0
5081	2	0
5082	2	0
5083	2	0
5084	3	0
5085	0	0
5086	2	0
5087	2	0
5088	0	0
5089	6	0
5090	2	0
5091	3	0
5092	2	0
5093	2	0
5094	2	0
5095	2	0
5096	2	0
5097	2	0
5098	2	0
5099	2	0
5100	2	0
5101	2	0
5102	2	0
5103	2	0
5104	2	0
5105	2	0
5106	2	0
5107	2	0
5108	2	0
5109	2	0
5110	2	0
5111	2	0
5112	2	0
5113	3	0
5114	0	0
5115	2	0
5116	2	0
5117	2	0
5118	7	0
5119	2	0
5120	6	0
5121	0	0
5122	2	0
5123	6	0
5124	2	0
5125	7	0
5126	2	0
5127	2	0
5128	2	0
5129	3	0
5130	2	0
5131	2	0
5132	6	0
5133	2	0
5134	2	0
5135	2	0
5136	2	0
5137	2	0
5138	2	0
5139	2	0
5140	7	0
5141	2	0
5142	2	0
5143	2	0
5144	2	0
5145	3	0
5146	7	0
5147	2	0
5148	2	0
5149	2	0
5150	2	0
5151	7	0
5152	2	0
5153	2	0
5154	2	0
5155	2	0
5156	2	0
5157	6	0
5158	2	0
5159	2	0
5160	2	0
5161	2	0
5162	3	0
5163	2	0
5164	2	0
5165	2	0
5166	2	0
5167	2	0
5168	2	0
5169	2	0
5170	2	0
5171	2	0
5172	2	0
5173	2	0
5174	6	0
5175	2	0
5176	3	0
5177	3	0
5178	2	0
5179	2	0
5180	2	0
5181	2	0
5182	2	0
5183	2	0
5184	2	0
5185	2	0
5186	7	0
5187	2	0
5188	2	0
5189	2	0
5190	2	0
5191	0	0
5192	2	0
5193	2	0
5194	2	0
5195	2	0
5196	2	0
5197	2	0
5198	2	0
5199	2	0
5200	2	0
5201	2	0
5202	2	0
5203	2	0
5204	2	0
5205	0	0
5206	2	0
5207	2	0
5208	2	0
5209	2	0
5210	2	0
5211	2	0
5212	2	0
5213	2	0
5214	2	0
5215	2	0
5216	2	0
5217	2	0
5218	7	0
5219	2	0
5220	2	0
5221	2	0
5222	7	0
5223	2	0
5224	2	0
5225	2	0
5226	3	0
5227	3	0
5228	2	0
5229	0	0
5230	2	0
5231	2	0
5232	2	0
5233	3	0
5234	2	0
5235	2	0
5236	2	0
5237	2	0
5238	2	0
5239	2	0
5240	2	0
5241	2	0
5242	2	0
5243	0	0
5244	2	0
5245	2	0
5246	2	0
5247	2	0
5248	2	0
5249	2	0
5250	2	0
5251	7	0
5252	2	0
5253	2	0
5254	2	0
5255	2	0
5256	2	0
5257	2	0
5258	2	0
5259	6	0
5260	2	0
5261	2	0
5262	2	0
5263	2	0
5264	2	0
5265	2	0
5266	2	0
5267	2	0
5268	2	0
5269	2	0
5270	0	0
5271	2	0
5272	2	0
5273	2	0
5274	2	0
5275	2	0
5276	2	0
5277	2	0
5278	2	0
5279	2	0
5280	2	0
5281	2	0
5282	7	0
5283	2	0
5284	2	0
5285	2	0
5286	2	0
5287	2	0
5288	2	0
5289	2	0
5290	2	0
5291	2	0
5292	2	0
